00000f93
00300a13
00000013
00000013
00000013
00000013
00000013
00000f13
00000013
00000013
03b00a93
00000013
00000013
00000013
04000513
00300a13
00000013
00000013
00000013
00000013
00000013
00500593
00000013
00000013
03b00a93
00000013
00000013
00000013
00b52023
00000013
00000013
00000013
00000013
07300b13
00000013
00000013
00000013
00052703
00000013
00000013
00000013
00000013
0ab00b93
00000013
00500393
00000013
00000013
00000013
00000013
00000013
00000013
0e300c13
00000013
00000013
00000013
00000013
00000013
00000013
00000013
11b00c93
00000013
00000013
00000013
00000013
00000013
00000013
00000013
15300d13
00000013
0a770663
00000013
00000013
00000013
00000013
00000013
00000013
18b00d93
00000013
00000013
00000013
00000013
00000013
00000013
00000013
1c300e13
00000013
00000013
00000013
00000013
00000013
00000013
00000013
1fb00e93
00000013
00200f13
00000013
00000013
00000013
00000013
00000013
00000013
23300a13
00000013
00000013
00000013
00000013
00000013
00000013
00000013
fff00f93
00000063
00000013
04400513
26b00a93
00000013
00000013
00000013
00000013
00000013
00c00593
00000013
00000013
2a300b13
00000013
00000013
00000013
00b52023
00000013
00000013
00000013
00000013
2db00b93
00000013
00000013
00000013
00052703
00000013
00000013
00000013
00000013
31300c13
00000013
00c00393
00000013
00000013
00000013
00000013
00000013
00000013
34b00c93
00000013
00000013
00000013
00000013
00000013
00000013
00000013
38300d13
00000013
00000013
00000013
00000013
00000013
00000013
00000013
3bb00d93
00000013
0a770663
00000013
00000013
00000013
00000013
00000013
00000013
3f300e13
00000013
00000013
00000013
00000013
00000013
00000013
00000013
42b00e93
00000013
00000013
00000013
00000013
00000013
00000013
00000013
46300a13
00000013
00300f13
00000013
00000013
00000013
00000013
00000013
00000013
49b00a93
00000013
00000013
00000013
00000013
00000013
00000013
00000013
fff00f93
00000063
00000013
04800513
4d300b13
00000013
00000013
00000013
00000013
00000013
01500593
00000013
00000013
50b00b93
00000013
00000013
00000013
00b52023
00000013
00000013
00000013
00000013
54300c13
00000013
00000013
00000013
00052703
00000013
00000013
00000013
00000013
57b00c93
00000013
01500393
00000013
00000013
00000013
00000013
00000013
00000013
5b300d13
00000013
00000013
00000013
00000013
00000013
00000013
00000013
5eb00d93
00000013
00000013
00000013
00000013
00000013
00000013
00000013
62300e13
00000013
0a770663
00000013
00000013
00000013
00000013
00000013
00000013
65b00e93
00000013
00000013
00000013
00000013
00000013
00000013
00000013
69300a13
00000013
00000013
00000013
00000013
00000013
00000013
00000013
6cb00a93
00000013
00400f13
00000013
00000013
00000013
00000013
00000013
00000013
70300b13
00000013
00000013
00000013
00000013
00000013
00000013
00000013
fff00f93
00000063
00000013
04c00513
73b00b93
00000013
00000013
00000013
00000013
00000013
02a00593
00000013
00000013
77300c13
00000013
00000013
00000013
00b52023
00000013
00000013
00000013
00000013
7ab00c93
00000013
00000013
00000013
00052703
00000013
00000013
00000013
00000013
7e300d13
00000013
02a00393
00000013
00000013
00000013
00000013
00000013
00000013
01b00d93
00000013
00000013
00000013
00000013
00000013
00000013
00000013
05300e13
00000013
00000013
00000013
00000013
00000013
00000013
00000013
08b00e93
00000013
0a770663
00000013
00000013
00000013
00000013
00000013
00000013
0c300a13
00000013
00000013
00000013
00000013
00000013
00000013
00000013
0fb00a93
00000013
00000013
00000013
00000013
00000013
00000013
00000013
13300b13
00000013
00500f13
00000013
00000013
00000013
00000013
00000013
00000013
16b00b93
00000013
00000013
00000013
00000013
00000013
00000013
00000013
fff00f93
00000063
00000013
05000513
1a300c13
00000013
00000013
00000013
00000013
00000013
04d00593
00000013
00000013
1db00c93
00000013
00000013
00000013
00b52023
00000013
00000013
00000013
00000013
21300d13
00000013
00000013
00000013
00052703
00000013
00000013
00000013
00000013
24b00d93
00000013
04d00393
00000013
00000013
00000013
00000013
00000013
00000013
28300e13
00000013
00000013
00000013
00000013
00000013
00000013
00000013
2bb00e93
00000013
00000013
00000013
00000013
00000013
00000013
00000013
2f300a13
00000013
0a770663
00000013
00000013
00000013
00000013
00000013
00000013
32b00a93
00000013
00000013
00000013
00000013
00000013
00000013
00000013
36300b13
00000013
00000013
00000013
00000013
00000013
00000013
00000013
39b00b93
00000013
00600f13
00000013
00000013
00000013
00000013
00000013
00000013
3d300c13
00000013
00000013
00000013
00000013
00000013
00000013
00000013
fff00f93
00000063
00000013
05400513
40b00c93
00000013
00000013
00000013
00000013
00000013
06300593
00000013
00000013
44300d13
00000013
00000013
00000013
00b52023
00000013
00000013
00000013
00000013
47b00d93
00000013
00000013
00000013
00052703
00000013
00000013
00000013
00000013
4b300e13
00000013
06300393
00000013
00000013
00000013
00000013
00000013
00000013
4eb00e93
00000013
00000013
00000013
00000013
00000013
00000013
00000013
52300a13
00000013
00000013
00000013
00000013
00000013
00000013
00000013
55b00a93
00000013
0a770663
00000013
00000013
00000013
00000013
00000013
00000013
59300b13
00000013
00000013
00000013
00000013
00000013
00000013
00000013
5cb00b93
00000013
00000013
00000013
00000013
00000013
00000013
00000013
60300c13
00000013
00700f13
00000013
00000013
00000013
00000013
00000013
00000013
63b00c93
00000013
00000013
00000013
00000013
00000013
00000013
00000013
fff00f93
00000063
00000013
00100f93
00000063
00000013
